 year   T_global   T_land   T_ocean   P_global   P_land   P_ocean
  1851.0   288.66486698944294   284.9060695144734   290.5724881555435   3.564806479487687e-05   2.8913381314671677e-05   3.9065973006047796e-05 
  1852.0   289.0114090851777   285.1764766018802   290.9576694049796   3.5849869614907965e-05   2.8564096217654598e-05   3.954746056961224e-05 
  1853.0   289.5518343880481   285.87337353122354   291.41868404831297   3.643502673344853e-05   2.7961663291859563e-05   4.073532957149076e-05 
  1854.0   290.0185176068142   286.49999537430347   291.8041970771313   3.692322751451713e-05   2.7989393305676255e-05   4.1457223119416226e-05 
  1855.0   290.2129255539259   286.7912419498958   291.9494586100997   3.7250242471791564e-05   2.9913739181948682e-05   4.097357927141092e-05 
  1856.0   290.208841133519   286.685876012597   291.9967754068759   3.707899631274108e-05   2.9539196578076424e-05   4.090550775896418e-05 
  1857.0   290.39430975819727   286.886685711781   292.17445830789296   3.713455445449025e-05   2.836427318054022e-05   4.158554557658514e-05 
  1858.0   290.78350193719103   287.49900108006   292.45041360158956   3.753229223304433e-05   2.733869516277693e-05   4.2705628029780726e-05 
  1859.0   291.01583393839246   287.7805684786257   292.65775822670633   3.790419463443779e-05   2.9357287645488205e-05   4.224182143805929e-05 
  1860.0   291.05717867287393   287.8478752959694   292.6859269869263   3.781395140804591e-05   3.0535415650999586e-05   4.150786919979222e-05 
  1861.0   291.0427902097561   287.80427203506923   292.68636527810537   3.77559868905842e-05   3.0012152000112868e-05   4.168604788541621e-05 
  1862.0   291.28359856686814   288.08977632124856   292.9044900772723   3.7824711865690787e-05   2.816260797593785e-05   4.272831042663858e-05 
  1863.0   291.51664985046193   288.34707029847397   293.1252379910242   3.8313458045095726e-05   2.898172974082779e-05   4.304938823235997e-05 
  1864.0   291.62654673687894   288.60390495738244   293.16056272856366   3.842682514750631e-05   2.9695468433608756e-05   4.2858061729716637e-05 
  1865.0   291.5760347136464   288.4106753167414   293.1824810901967   3.832220972206705e-05   2.891613119968591e-05   4.309587326706639e-05 
  1866.0   291.7032957912634   288.6048871345394   293.2757641070361   3.8465994724754354e-05   2.9502458535425344e-05   4.3015064333249435e-05 
  1867.0   291.73374057984694   288.5146042370655   293.3674792063484   3.86161949316416e-05   3.0256542859743682e-05   4.2858788298212305e-05 
  1868.0   291.775587562521   288.7305476943605   293.3209707715938   3.843233699684147e-05   2.9619215105410408e-05   4.290507009072915e-05 
  1869.0   291.8712851389635   288.7696417185628   293.44539512436535   3.866470173317529e-05   2.9408935384501467e-05   4.3362080592448414e-05 
  1870.0   291.90447974399024   288.7561008659357   293.5023083651583   3.868240238693439e-05   2.9549350806371553e-05   4.331750247471196e-05 
  1871.0   292.02753979659883   288.9908796828836   293.56867021018223   3.885691261877227e-05   2.9403910633530313e-05   4.365439021375334e-05 
  1872.0   292.00232201811673   288.9581602368036   293.547259590768   3.879781567478192e-05   2.9844659830159702e-05   4.334161717149233e-05 
  1873.0   292.0743397443111   289.06788158748003   293.60014241209467   3.87907039303399e-05   2.942058003290288e-05   4.3546120202369826e-05 
  1874.0   292.17920518653744   289.107543984755   293.7380989451478   3.902932718159616e-05   2.8903277716561876e-05   4.416838200354738e-05 
  1875.0   292.3696295953796   289.4955459520753   293.828251090052   3.917514498970283e-05   3.104664499756343e-05   4.330042674188839e-05 
  1876.0   292.18789045387507   289.0847690624668   293.7627505219286   3.887002648771943e-05   3.023747131161836e-05   4.325112046288616e-05 
  1877.0   292.259333863989   289.17379378974664   293.8252712664888   3.9114545683205204e-05   2.9627903767900005e-05   4.3929095824138025e-05 
  1878.0   292.4617706103592   289.46759299845917   293.98134079884653   3.9354177185112614e-05   3.00128546844568e-05   4.4094976507312445e-05 
  1879.0   292.4191235968442   289.4305894152933   293.93582969721416   3.926525525795053e-05   3.04353104017516e-05   4.3746526147205344e-05 
  1880.0   292.2113029536601   289.1079186820849   293.7862964355977   3.895173707542013e-05   3.1008784124930695e-05   4.298285215161002e-05 
  1881.0   292.33528749053755   289.3001388636316   293.8756508119197   3.902128099471739e-05   2.9429252026213184e-05   4.3889315946857557e-05 
  1882.0   292.53295572283423   289.6471924519046   293.9975047262429   3.91627331491367e-05   2.8575436643185418e-05   4.4535874703324406e-05 
  1883.0   292.76292701492275   289.9576954821648   294.18660548744947   3.9671751215170974e-05   3.076161357853429e-05   4.419372061142177e-05 
  1884.0   292.4306773982059   289.3016399605671   294.01869007654517   3.944319740729622e-05   3.164634539102811e-05   4.340016503703187e-05 
  1885.0   292.41554049551576   289.22850858025697   294.03298585645126   3.9224488986435465e-05   3.0029451442416347e-05   4.389104746926565e-05 
  1886.0   292.6726782577659   289.8213704607176   294.11974081991167   3.956787473836114e-05   3.0197225229256743e-05   4.432355776270973e-05 
  1887.0   292.68315940166053   289.77030085292444   294.16145948524536   3.937707800446612e-05   3.0354670563603272e-05   4.395602526565428e-05 
  1888.0   292.7188819567343   289.7966241348459   294.201952250082   3.946667417857688e-05   3.063605808052432e-05   4.3948285728688275e-05 
  1889.0   292.75753649195576   289.825159042901   294.245742580755   3.94839860846343e-05   3.0229491918364585e-05   4.418071930069375e-05 
  1890.0   292.872688067971   290.0014380418933   294.32987147819375   3.958338219418757e-05   2.9994521496613817e-05   4.444980922232355e-05 
  1891.0   292.9017636097242   290.03762740032573   294.3553366984653   3.956623399785535e-05   3.1203583343035713e-05   4.381034917034613e-05 
  1892.0   292.8372342840668   289.8303047871023   294.3632761609115   3.95621639546106e-05   2.9676968746328936e-05   4.457898322617998e-05 
  1893.0   293.0278836717714   290.1514728917425   294.48768620780123   3.981837648833607e-05   2.9713993811366017e-05   4.494643523407196e-05 
  1894.0   293.05876344453543   290.1840194015601   294.517720097566   3.9867130036776665e-05   3.004922477533117e-05   4.4849799097352976e-05 
  1895.0   293.0005962132141   290.0391565218003   294.5035516331566   3.973245174921278e-05   3.0182361172122696e-05   4.4579202616837474e-05 
  1896.0   292.8765027713152   289.90236771284924   294.38590119625087   3.975443185432998e-05   3.0281883319199446e-05   4.456182948691349e-05 
  1897.0   293.02392922492936   290.0879242230542   294.51397632713446   4.0061467747047625e-05   3.1535702198902177e-05   4.438836509258355e-05 
  1898.0   293.0339372299292   290.0459101053029   294.55038599466775   3.989809135527362e-05   3.064841325741726e-05   4.459238037632021e-05 
  1899.0   293.08367593511196   290.2142896348155   294.5399134889081   3.974726308610942e-05   3.0063758004674694e-05   4.466172293088636e-05 
  1900.0   293.0520477883814   290.1019597633305   294.5492421426722   3.989056920884681e-05   3.088458639675458e-05   4.44611808335191e-05 
  1901.0   292.9678625458284   289.9372110425932   294.5059435393229   3.98632185962096e-05   2.997094226990736e-05   4.4883631594417795e-05 
  1902.0   293.0921571647858   290.1558681694801   294.5823483960329   3.978458169281188e-05   2.9911900669321282e-05   4.479504991090129e-05 
  1903.0   293.2638955011807   290.56475914711245   294.63372978288913   3.9945450265383976e-05   3.0572604135161166e-05   4.470224809332793e-05 
  1904.0   293.04417307383045   290.045445760759   294.56605227372677   3.9898444138078565e-05   3.100051703486601e-05   4.441421658645856e-05 
  1905.0   293.19018569387066   290.2972100500519   294.65839503686186   3.993243361522651e-05   2.9969733879990768e-05   4.498858708265795e-05 
  1906.0   293.21596889742864   290.2652757036884   294.7134703798924   3.988648687601244e-05   2.957196771479791e-05   4.512119164558548e-05 
  1907.0   293.4072744487971   290.5720165157398   294.8461915706883   4.0130491782912255e-05   3.071350611794894e-05   4.490969079402545e-05 
  1908.0   293.2444111029023   290.28083120415886   294.7484526959704   3.9932666206661035e-05   3.0064370493560475e-05   4.4940908843038296e-05 
  1909.0   293.44449963750515   290.57253809053054   294.9020441505359   4.0236303039167875e-05   3.0111192891484862e-05   4.537488114970462e-05 
  1910.0   293.46202092072224   290.65397202214837   294.8871292299717   4.0281723138823754e-05   3.106420714216269e-05   4.4959689624433155e-05 
  1911.0   293.44927614545907   290.62140592422185   294.884443941793   4.017882383220427e-05   3.0636684435416006e-05   4.502153940930315e-05 
  1912.0   293.58093442774475   290.9114698486331   294.935710035417   4.0299027275275674e-05   3.093747445679441e-05   4.505009365302659e-05 
  1913.0   293.4356535389325   290.5964990483769   294.8765481963541   4.024480327244705e-05   3.14692739013136e-05   4.469845784777013e-05 
  1914.0   293.37403349809443   290.358178301371   294.9046052422426   4.024446207730672e-05   3.0661173990128054e-05   4.510806095904459e-05 
  1915.0   293.55178349677   290.74997256789777   294.9737259842066   4.043611394391093e-05   3.1462392225041066e-05   4.499035279386409e-05 
  1916.0   293.3707819993888   290.3715979823338   294.8928929803778   4.007545153653669e-05   3.1143725151541885e-05   4.460837740319903e-05 
  1917.0   293.4606098989096   290.6056407576447   294.9095306238777   4.0255163256866176e-05   3.053104646992828e-05   4.519023388195923e-05 
  1918.0   293.3944364196945   290.376528296428   294.9260500412389   4.027314734114422e-05   3.1035842227932656e-05   4.4961156968966415e-05 
  1919.0   293.3780246989765   290.3908400026314   294.8940459243142   4.020146411942491e-05   3.055053617941901e-05   4.5099390792373765e-05 
  1920.0   293.5630314754484   290.79754875314916   294.9665370941132   4.028863062460386e-05   3.045524427406986e-05   4.527915646741336e-05 
  1921.0   293.72851843656906   291.0268803763579   295.09962235507527   4.066082305699753e-05   3.155007130707319e-05   4.5284605794157075e-05 
  1922.0   293.5157191334333   290.6190021886813   294.98582721794935   4.0298134116202444e-05   3.1858006643672414e-05   4.458156942188228e-05 
  1923.0   293.61815602198084   290.8269182488693   295.0347325444098   4.04358869464666e-05   3.036360356442997e-05   4.5547655031468644e-05 
  1924.0   293.51954449015545   290.6269816745025   294.98754431939875   4.0186672593801866e-05   2.9912319366989686e-05   4.5400992815621977e-05 
  1925.0   293.5803358477423   290.6293590590557   295.07798125701396   4.030614344445937e-05   3.0334821289146345e-05   4.5366672862218504e-05 
  1926.0   293.713155568315   290.91812897523835   295.13165494857503   4.049135130471144e-05   3.0935585842961864e-05   4.5340982223779114e-05 
  1927.0   293.4814648822585   290.48817956680955   295.0005822228316   4.022101991978991e-05   3.1285353031964836e-05   4.4755945624606404e-05 
  1928.0   293.5966874906942   290.7155397136486   295.0588940923416   4.026182428085819e-05   2.9831281810002068e-05   4.555541185077024e-05 
  1929.0   293.6870914417105   290.93941929132234   295.0815580461204   4.036404449169922e-05   3.009668921301248e-05   4.5574813196298136e-05 
  1930.0   293.6109059002514   290.6917403129817   295.0924068586592   4.038452065716239e-05   3.077052051060322e-05   4.526370616598482e-05 
  1931.0   293.70851642085813   290.86934471345245   295.14941981597514   4.039986065193115e-05   3.090260490053037e-05   4.5219797403481944e-05 
  1932.0   293.7189509298288   290.9150653775733   295.1419463059895   4.0590618929484645e-05   3.026532555070354e-05   4.583079170461399e-05 
  1933.0   293.78828559641437   290.91039836738236   295.2488374426658   4.0683498435665154e-05   3.099296480677695e-05   4.560152532707829e-05 
  1934.0   293.7517306839908   290.8536931327153   295.22250898736615   4.056307400746113e-05   3.058089268935346e-05   4.562911454119052e-05 
  1935.0   293.77183487858963   290.8882332642501   295.23528682319346   4.067826506199136e-05   3.1799404102583974e-05   4.51843612828755e-05 
  1936.0   293.77014786873514   290.95240279031606   295.20017707037795   4.0587883763404664e-05   3.0502629917492425e-05   4.5706234467339505e-05 
  1937.0   293.92758009075635   291.10007926906724   295.3625604137291   4.074938546850701e-05   3.0957027483889556e-05   4.5719089072354676e-05 
  1938.0   293.8045778003356   290.9828008335444   295.2366532190597   4.061771973946438e-05   3.122495703460541e-05   4.538462539566597e-05 
  1939.0   293.68900778982925   290.8062088793106   295.15205235552816   4.050095128699458e-05   3.0296070621729367e-05   4.56800136025953e-05 
  1940.0   293.897425810766   291.1519692823874   295.2907679684693   4.0575837429522025e-05   2.9940636041775463e-05   4.5973291112011614e-05 
  1941.0   294.0136116119096   291.3152678168209   295.38304366330505   4.081071821174886e-05   2.9915043369039358e-05   4.634036435185381e-05 
  1942.0   293.89403972665804   290.9496665395099   295.3883337529007   4.051716708954341e-05   3.0542223808797646e-05   4.557953425875541e-05 
  1943.0   293.92510592219116   291.18138798333655   295.3175657311655   4.066192479583477e-05   3.0331382542681842e-05   4.5904761418621946e-05 
  1944.0   293.94881767695637   291.28916975831714   295.29861124730905   4.077576138391193e-05   3.0456285780552934e-05   4.60129815893408e-05 
  1945.0   293.89862637196296   291.0815799764487   295.3283009861862   4.0695944072316195e-05   3.081345743941262e-05   4.5711388719220214e-05 
  1946.0   293.8219890988949   290.8867742333499   295.3116352003018   4.0534010549059654e-05   2.995523923323526e-05   4.590282549793294e-05 
  1947.0   293.9368758372746   291.2216843117859   295.3148582528026   4.0781659135614844e-05   3.100094923772636e-05   4.574545123799518e-05 
  1948.0   293.912834725622   291.11310010657223   295.3337234684526   4.0616525799384615e-05   3.0737615723641466e-05   4.563015531360686e-05 
  1949.0   293.85172713360924   290.9862272978705   295.3059922741266   4.077614827179362e-05   3.113233324728943e-05   4.567046508061594e-05 
  1950.0   293.8584426167888   290.9515168088954   295.33373178476035   4.06905084345407e-05   3.078491628311132e-05   4.571767932540626e-05 
  1951.0   293.9535406780911   291.18165497727114   295.3602958619251   4.075908257870878e-05   3.084037634227836e-05   4.5792908977429883e-05 
