 year   T_global   T_land   T_ocean   P_global   P_land   P_ocean
  1950.0   286.6879100604807   281.776144040011   289.1806724096034   3.587148594235831e-05   2.8051381669984205e-05   3.984025428660512e-05 
  1851.0   286.6163448422257   281.63677837988774   289.14351648284133   3.5741910278199127e-05   2.8316972622606347e-05   3.951012825831265e-05 
  1852.0   286.7181300158367   281.82843361674077   289.19969184746924   3.5702941876009245e-05   2.742595650054402e-05   3.990358120251881e-05 
  1853.0   286.5717763219491   281.48853282409846   289.15156492548954   3.578286983466948e-05   2.8168489465170196e-05   3.964723157704159e-05 
  1854.0   286.5830591688029   281.5560337657191   289.13431661890684   3.559529632063036e-05   2.765872668737885e-05   3.962317180991671e-05 
  1855.0   286.7307836324184   281.66211107908424   289.30317735971056   3.5921487366105274e-05   2.7271950922241046e-05   4.0311199476733675e-05 
  1856.0   286.84711433300424   281.9599001610301   289.32741641360514   3.6062066124348586e-05   2.75005143526314e-05   4.040712527774856e-05 
  1857.0   286.65059463077654   281.65858452148245   289.18408152633066   3.576293317906014e-05   2.7412886998530704e-05   4.000065147539475e-05 
  1858.0   286.7624664214939   281.7419731850432   289.3104087423809   3.604077898975511e-05   2.724773093996301e-05   4.05033244410655e-05 
  1859.0   286.6968227205629   281.66808173505933   289.24895084309816   3.600754434092977e-05   2.7843714551680315e-05   4.0150756260731434e-05 
  1860.0   286.6442872398078   281.75416082208886   289.12606730948914   3.5860377815529675e-05   2.792533289626504e-05   3.988747949971133e-05 
  1861.0   286.58296645146606   281.6161490766025   289.1036678235246   3.578509080212874e-05   2.847404699949481e-05   3.949550669898563e-05 
  1862.0   286.5399325046519   281.50198046812096   289.09673531264673   3.581312862142711e-05   2.76808948153075e-05   3.994030531544617e-05 
  1863.0   286.54927250246334   281.55129439001377   289.0857882095494   3.58777790612691e-05   2.8335852787093575e-05   3.97053697440854e-05 
  1864.0   286.6035269955139   281.7342392925724   289.07473124310104   3.580188876476827e-05   2.7820063179654323e-05   3.985273202825359e-05 
  1865.0   286.48900831238575   281.5004334421231   289.020751795391   3.5573162327047366e-05   2.736299392861254e-05   3.9739891478697334e-05 
  1866.0   286.50122964660864   281.5588685694028   289.009519242995   3.5701951367292545e-05   2.7155778007528285e-05   4.003920584796466e-05 
  1867.0   286.5655875204655   281.5509970487154   289.11053413888214   3.5762346759730976e-05   2.7211464649737124e-05   4.010199097053984e-05 
  1868.0   286.47277234399786   281.4683741612408   289.0125462904779   3.564629978518949e-05   2.6860748598648497e-05   4.010504051567828e-05 
  1869.0   286.4102106294523   281.3887686816011   288.9586344293124   3.567623348241989e-05   2.817713693025351e-05   3.9482087722986534e-05 
  1870.0   286.4760842869895   281.52345428797497   288.9895854471075   3.5704496912353234e-05   2.7448190045450926e-05   3.9894641722762726e-05 
  1871.0   286.4921398386258   281.42201670275284   289.0652697486925   3.575896107861388e-05   2.7250309520458e-05   4.0077172931047834e-05 
  1872.0   286.52489108346055   281.51833504055224   289.0657601620209   3.573451421032201e-05   2.662039550418472e-05   4.036000570592887e-05 
  1873.0   286.52277525823854   281.5111415557348   289.06622129152504   3.580373346616004e-05   2.735176708651997e-05   4.009317711624709e-05 
  1874.0   286.4444510626362   281.4026923406312   289.0031857953571   3.5722796041875695e-05   2.8062547354230256e-05   3.9610436339459046e-05 
  1875.0   286.32465440733966   281.30765350041395   288.8708243417745   3.556589413240042e-05   2.8074348073921647e-05   3.936791643425025e-05 
  1876.0   286.3550990604025   281.33454140345503   288.90307407523056   3.5460309164409876e-05   2.790628433227229e-05   3.929403996661313e-05 
  1877.0   286.51883337930593   281.5056301765876   289.0630759470825   3.557068930257615e-05   2.6484760262085626e-05   4.018187430702164e-05 
  1878.0   286.63536075438276   281.6102316527932   289.1856558156131   3.593921859266364e-05   2.7937301173555293e-05   4.000025862999717e-05 
  1879.0   286.53426766529867   281.46137792380495   289.10880165086456   3.575331043126421e-05   2.812043133270102e-05   3.962706043340377e-05 
  1880.0   286.6761049434428   281.76405953331346   289.16900908515515   3.58767439782656e-05   2.715221624955279e-05   4.0304514793360744e-05 
  1881.0   286.60048096783476   281.6108376086425   289.1327667179111   3.583847607093957e-05   2.7699469333579244e-05   3.9969090084228254e-05 
  1882.0   286.4640785581643   281.40848256055835   289.0298358240209   3.5588568066803557e-05   2.791305106323508e-05   3.948395716245849e-05 
  1883.0   286.4596796789779   281.36569909765825   289.04491744220934   3.5626775841708546e-05   2.7650638710093578e-05   3.967473216745135e-05 
  1884.0   286.45317515683246   281.3809494967021   289.0273721155503   3.573219240928561e-05   2.7916328594314913e-05   3.9698808685922885e-05 
  1885.0   286.50086591093293   281.50323278307195   289.0372065354541   3.573201125009407e-05   2.802844041116457e-05   3.964163790190397e-05 
  1886.0   286.4544056355804   281.50855029738915   288.96446859865114   3.547634573478376e-05   2.7480651708393402e-05   3.9534227348245615e-05 
  1887.0   286.602869925858   281.4618345128979   289.2119884098259   3.556842585171129e-05   2.6212731866678764e-05   4.03165188224697e-05 
  1888.0   286.7124184542589   281.70055204263963   289.2559825893686   3.580579896275308e-05   2.7079352938473134e-05   4.0234543328897744e-05 
  1889.0   286.6238502243009   281.6132828494257   289.1667550873947   3.5800701409851895e-05   2.7583165209049478e-05   3.9971169782845295e-05 
  1890.0   286.4863367523606   281.41128553403524   289.0619677055022   3.546025808933694e-05   2.716222184518103e-05   3.9671580907826745e-05 
  1891.0   286.57210673544006   281.53999178308567   289.12594717438003   3.570887217608951e-05   2.6897738657721452e-05   4.018059615401224e-05 
  1892.0   286.6326995603068   281.60659617148195   289.18348908046045   3.5928906255735046e-05   2.7537664994933377e-05   4.018753139996179e-05 
  1893.0   286.416922016328   281.3263890734228   289.00041007421993   3.573846258329637e-05   2.856826319210524e-05   3.9377398762987216e-05 
  1894.0   286.4648737518613   281.3609529346905   289.05515626795113   3.560791984054682e-05   2.8145743101278325e-05   3.939503696718235e-05 
  1895.0   286.5561284690024   281.4797716638055   289.13242201840427   3.5666007756166966e-05   2.7403645627054597e-05   3.985922566280873e-05 
  1896.0   286.65795952306877   281.59488283271276   289.2275133030824   3.5783778201978524e-05   2.7400138537844908e-05   4.003854547229834e-05 
  1897.0   286.79062044685486   281.8265310782839   289.30993733289625   3.588428175419775e-05   2.7051200473064302e-05   4.036714440534737e-05 
  1898.0   286.7221284915811   281.74943512045303   289.2458119809047   3.5980651748332133e-05   2.7303709591159112e-05   4.0384272487751545e-05 
  1899.0   286.6350256373091   281.56037339223025   289.2104541081901   3.586458019861121e-05   2.7936480584057848e-05   3.988815708254479e-05 
  1900.0   286.63016380221256   281.5349572546251   289.2160237535819   3.584043172588534e-05   2.8043516117250465e-05   3.979743162927916e-05 
  1901.0   286.54806212258376   281.3333371066795   289.1945786965617   3.583061928087335e-05   2.7289420946223166e-05   4.016534889467709e-05 
  1902.0   286.62993960704057   281.6338519674178   289.1654958833507   3.570895950156823e-05   2.7262957904997047e-05   3.999537597434413e-05 
  1903.0   286.7615957947055   281.6604770567093   289.3504562321709   3.5880026588859724e-05   2.6621609332891206e-05   4.057875080576341e-05 
  1904.0   286.7666279228986   281.79492299339717   289.28980976982695   3.591186648670115e-05   2.7687395826188047e-05   4.008585415601411e-05 
  1905.0   286.70613438095245   281.72532191771984   289.2339383774466   3.575466348290267e-05   2.795268951646742e-05   3.971423054520035e-05 
  1906.0   286.730179285826   281.7025038753833   289.28176662010287   3.6044718989765175e-05   2.7495229539871746e-05   4.038365641392155e-05 
  1907.0   286.7527461042281   281.7344902983985   289.2995529103556   3.5890249058205764e-05   2.731405060169323e-05   4.024274152667921e-05 
  1908.0   286.75606925067444   281.79255881979066   289.275092320996   3.5719850364647636e-05   2.8018403302548287e-05   3.96283991819479e-05 
  1909.0   286.82657896444266   281.89342721804434   289.33019474839534   3.593956951668211e-05   2.7564941361280114e-05   4.0189763370926846e-05 
  1910.0   286.93315578987426   281.9999383463259   289.4368049156803   3.5953404182877745e-05   2.7227283092486555e-05   4.038198364235535e-05 
  1911.0   286.82112817864186   281.8417730919013   289.34819254437326   3.5981981906061925e-05   2.7876329762853372e-05   4.009566818376114e-05 
  1912.0   286.84566411013714   281.8443656797311   289.38386490636526   3.597227362274161e-05   2.795601474174156e-05   4.004059207197141e-05 
  1913.0   286.78489120304215   281.70420343412206   289.36338275276813   3.6059428510910954e-05   2.731873911738563e-05   4.0495401506113185e-05 
  1914.0   286.9455742733941   282.03432556392653   289.43807408285517   3.615669632091038e-05   2.782248875660522e-05   4.0386376386999173e-05 
  1915.0   286.89619229626936   282.0451511525942   289.358136262371   3.606685810847714e-05   2.7550099712184577e-05   4.038918424909041e-05 
  1916.0   286.7072914251496   281.64039022138627   289.2787861777147   3.595629487474996e-05   2.7918717312912884e-05   4.003543273286489e-05 
  1917.0   286.8519871442613   281.92214860798924   289.35392144635523   3.597712864782569e-05   2.726671691628711e-05   4.039773547625499e-05 
  1918.0   286.97235425042066   282.1572631663213   289.4160532605154   3.6136222288511e-05   2.786649772318525e-05   4.033317669312803e-05 
  1919.0   286.7300149586878   281.73936692208275   289.2628105909567   3.5868509533017154e-05   2.848287045260627e-05   3.961678315743879e-05 
  1920.0   286.7455429541811   281.79759304761103   289.2566689282282   3.589132541995083e-05   2.77207148025704e-05   4.003797866676001e-05 
  1921.0   286.6517206184688   281.6008688032246   289.21507017208506   3.575664803313592e-05   2.7824758294053437e-05   3.9782148436977695e-05 
  1922.0   286.72387016186036   281.698816809444   289.2741267797516   3.583788735400969e-05   2.7541581703074896e-05   4.0048331881960966e-05 
  1923.0   286.6136290844401   281.5400586310386   289.1885085369942   3.583780808892034e-05   2.8111914716897756e-05   3.975876361303393e-05 
  1924.0   286.65020232363923   281.586264000354   289.2201933895732   3.5803845567973796e-05   2.774306912368166e-05   3.989475705302548e-05 
  1925.0   286.796798001882   281.802755083499   289.331316565056   3.61580211673612e-05   2.714150559005998e-05   4.0733978258498226e-05 
  1926.0   286.84251653460177   282.0397932418993   289.27993878708895   3.586329659094951e-05   2.8138759772755246e-05   3.9783563652645766e-05 
  1927.0   286.66699717511415   281.7373610335385   289.1688287602065   3.578841837936509e-05   2.7993609882954724e-05   3.974434890567604e-05 
  1928.0   286.6628732427654   281.81514249280815   289.12313715635923   3.570549172725488e-05   2.755095657273339e-05   3.984398654216959e-05 
  1929.0   286.7960320240738   281.93278251965137   289.26417183539456   3.5757612942455136e-05   2.713059795051573e-05   4.0135895227808504e-05 
  1930.0   286.823331471835   281.89740365560425   289.32328105078955   3.608585455142435e-05   2.779427601194146e-05   4.029390003076494e-05 
  1931.0   286.6663134159708   281.7606560073488   289.1559755934737   3.609888694707129e-05   2.8546294910731202e-05   3.993189059342e-05 
  1932.0   286.6581053256242   281.7572850455158   289.14531261993716   3.5731519358431004e-05   2.774971608859158e-05   3.9782351296727805e-05 
  1933.0   286.619441154562   281.63120491595396   289.15101277916943   3.583090163426232e-05   2.843806057446838e-05   3.9582830323475417e-05 
  1934.0   286.8780831011481   282.1066048017097   289.299648258146   3.596367103799893e-05   2.7321565266780264e-05   4.034961202009181e-05 
  1935.0   286.84767424343164   281.96240060782435   289.3269914855912   3.608864232834695e-05   2.7220260762763945e-05   4.058942016919055e-05 
  1936.0   286.83090646737344   281.94820959691316   289.30891597966246   3.581685536621318e-05   2.7189701938812597e-05   4.019520790872131e-05 
  1937.0   286.83236645823587   281.93835752655116   289.31611693623745   3.615621051380384e-05   2.7836400261329092e-05   4.037858382368522e-05 
  1938.0   286.658373559402   281.6839783821018   289.1829207295959   3.596230169927549e-05   2.7724159714994096e-05   4.014322767978043e-05 
  1939.0   286.79643785570346   281.9698856759401   289.2459534677357   3.601764951085756e-05   2.8315176519675334e-05   3.9926718995750683e-05 
  1940.0   286.61730706925186   281.6638802609311   289.1312126167592   3.578368790841205e-05   2.7242467816584754e-05   4.0118428564165205e-05 
  1941.0   286.4811726019845   281.4035150791687   289.0581262764603   3.570655604836247e-05   2.7927046668157e-05   3.9654722145201124e-05 
  1942.0   286.5083443996104   281.52049263700354   289.03972089943045   3.563663510005919e-05   2.7672645028130506e-05   3.967842669138419e-05 
  1943.0   286.5345361513517   281.577215210867   289.05041800351205   3.582724403299822e-05   2.781193303794185e-05   3.989508142218121e-05 
  1944.0   286.56230567456845   281.51269439347794   289.125025646723   3.562079034045683e-05   2.731434531971469e-05   3.983638068341523e-05 
  1945.0   286.55687791649257   281.58298153487726   289.0811719437031   3.5659360414601516e-05   2.7800304355691676e-05   3.96478971164009e-05 
  1946.0   286.57492095951227   281.70732028538833   289.0452690258601   3.5806705534715e-05   2.77621550770523e-05   3.988938219579936e-05 
  1947.0   286.5159931752706   281.5790584726812   289.02152884113985   3.5721046644348336e-05   2.8165061285619434e-05   3.955577243019922e-05 
  1948.0   286.5689629622724   281.5312061106515   289.1256667122924   3.568182872612697e-05   2.7920510798096407e-05   3.962076250879013e-05 
  1949.0   286.7649248786532   281.86424992775676   289.25205841717525   3.584989143850843e-05   2.6887460017309376e-05   4.0398400367934635e-05 
  1950.0   286.6879100604807   281.776144040011   289.1806724096034   3.587148594235831e-05   2.8051381669984205e-05   3.984025428660512e-05 
  1951.0   286.71152380801396   281.81892047331013   289.1945609337881   3.578858240106713e-05   2.7580757496217902e-05   3.9954122210115824e-05
