 year   T_global   T_land   T_ocean   P_global   P_land   P_ocean
  1851.0   286.56576985967297   281.6182960206705   289.0766542254464   3.568173089029584e-05   2.6368957621960637e-05   4.040804123823906e-05 
  1852.0   286.7482418332331   282.0765249777496   289.11917722278105   3.578281172944534e-05   2.750858720973118e-05   3.998204989856287e-05 
  1853.0   286.5902360883129   281.7244795267457   289.0596482521096   3.568091646670243e-05   2.770689587412954e-05   3.972779863117359e-05 
  1854.0   286.55336104101696   281.54215102416606   289.09659205029   3.5610497582301e-05   2.769476651708909e-05   3.9627797323963735e-05 
  1855.0   286.5836208582175   281.6026795363566   289.1114902515435   3.5557993737981374e-05   2.694356806594707e-05   3.992988683815578e-05 
  1856.0   286.6475188482377   281.74181343560485   289.1372053881778   3.554855699818809e-05   2.730739876254012e-05   3.973101375149671e-05 
  1857.0   286.65889678492675   281.6057970617467   289.2233871706274   3.562790447803739e-05   2.732885589346071e-05   3.9839741067760355e-05 
  1858.0   286.7373750741687   281.83285091526204   289.22646211795995   3.577986978567933e-05   2.7000282103689664e-05   4.023558398771533e-05 
  1859.0   286.7328675243879   281.8187170944334   289.2268399812731   3.561953829752178e-05   2.7205914597697396e-05   3.988952271681269e-05 
  1860.0   286.60545819090476   281.55380868999123   289.16921257667195   3.57251814234052e-05   2.7744273288526026e-05   3.977555907322064e-05 
  1861.0   286.5621804780107   281.4936628822385   289.13449556304386   3.552608244642887e-05   2.6510589192094763e-05   4.010152070010694e-05 
  1862.0   286.6450298014215   281.75028332743585   289.12915458831134   3.571377441438439e-05   2.7621629210531292e-05   3.9820605807356436e-05 
  1863.0   286.63441565027716   281.7401707971225   289.1182858603986   3.5596095909251206e-05   2.7534950175137428e-05   3.9687194811977e-05 
  1864.0   286.7710088683542   281.84882367995635   289.26905903237133   3.5762230400422523e-05   2.6324614623912858e-05   4.055189936574498e-05 
  1865.0   286.631180068812   281.7542589763782   289.10625832543036   3.563633064965717e-05   2.7547112105698418e-05   3.974167673824728e-05 
  1866.0   286.4708682619863   281.5338663589556   288.9764380326418   3.5659826801651915e-05   2.8186963376010487e-05   3.945236751103067e-05 
  1867.0   286.51708228855455   281.6071549973132   289.00891146721045   3.554025633998793e-05   2.7236880029529783e-05   3.9754289286803184e-05 
  1868.0   286.5439583526852   281.6063459917978   289.0498379358103   3.575883862394628e-05   2.7182981969461834e-05   4.0111157625030815e-05 
  1869.0   286.5374096441943   281.591264165781   289.04761985585526   3.561916859747974e-05   2.7552147156543376e-05   3.971324947057643e-05 
  1870.0   286.59099832001453   281.7473906147763   289.04916975391853   3.562743255156331e-05   2.709986662361988e-05   3.995524360490939e-05 
  1871.0   286.6303156030776   281.838924346938   289.06198675220094   3.544396485676023e-05   2.7028598259635773e-05   3.971483381101268e-05 
  1872.0   286.5367236897006   281.72743945634977   288.9774756744582   3.551448354826472e-05   2.7440493730258627e-05   3.9612100931024436e-05 
  1873.0   286.2977786512408   281.4306731808847   288.76787539753343   3.5433593770344156e-05   2.859373120575059e-05   3.890488124681109e-05 
  1874.0   286.44741173875155   281.524700172444   288.94572904396165   3.538498012076281e-05   2.7643280098848855e-05   3.93139576519408e-05 
  1875.0   286.773013085272   281.76510852530186   289.3145665475233   3.5644654371162284e-05   2.646470643598805e-05   4.030355475125819e-05 
  1876.0   286.9313628874723   282.1166155817522   289.37488742716346   3.606913214701748e-05   2.8264621275609435e-05   4.0029986709813586e-05 
  1877.0   286.78399626988346   281.8888341572507   289.2683319968642   3.578515934054078e-05   2.7791790678048576e-05   3.9841860812369424e-05 
  1878.0   286.76933233305243   281.9089151812087   289.236034701743   3.559455674041434e-05   2.6986684246352604e-05   3.996312404794125e-05 
  1879.0   286.8220424548532   281.947749715298   289.2957868003959   3.582471724138998e-05   2.7189657346654418e-05   4.020708238221918e-05 
  1880.0   286.9035503036307   282.09446171065235   289.3442029992624   3.5944540809425834e-05   2.7389513950727383e-05   4.028628851487886e-05 
  1881.0   286.8270366626154   282.1085054556295   289.2217307272179   3.581797929329489e-05   2.7430462659727146e-05   4.007471415803874e-05 
  1882.0   286.569280356943   281.7108342273627   289.0349824153444   3.55331054467805e-05   2.806542122533801e-05   3.9323017666697054e-05 
  1883.0   286.66789804958734   281.78842577213385   289.14427105394736   3.563257743239298e-05   2.7246539221670746e-05   3.988856198517368e-05 
  1884.0   286.68713041948945   281.8310988976219   289.15160704427507   3.57737097777115e-05   2.770731930503905e-05   3.9867470429135326e-05 
  1885.0   286.6839203005719   281.7480195701722   289.1889312169044   3.5703722486352686e-05   2.697993713903925e-05   4.013111653667659e-05 
  1886.0   286.8291291210374   282.08788330077283   289.2353510419181   3.5920449452644605e-05   2.7177704413806613e-05   4.0357465705041344e-05 
  1887.0   286.6536991973817   281.78502414872634   289.1245925177928   3.570596573755393e-05   2.8224157170958885e-05   3.9503046180805156e-05 
  1888.0   286.5975338065933   281.61267385563656   289.1273919369703   3.572505475852326e-05   2.776056436214701e-05   3.9767100268691306e-05 
  1889.0   286.6370132518449   281.79012110312607   289.0968515682942   3.569007721445418e-05   2.6895936738939796e-05   4.01531770809583e-05 
  1890.0   286.5580947802289   281.7540876112097   288.99616861068824   3.56535293156227e-05   2.8206591709679132e-05   3.9432912454599336e-05 
  1891.0   286.5445431781377   281.53702653478075   289.0858997694624   3.559991025479193e-05   2.6869789534382276e-05   4.003051955996634e-05 
  1892.0   286.58901865560813   281.63851574313065   289.10144030151264   3.5643262501889885e-05   2.7310879245926982e-05   3.987201671623211e-05 
  1893.0   286.67312599918677   281.82520889195087   289.1334844906586   3.569286043106611e-05   2.7384465292118898e-05   3.9909440475328995e-05 
  1894.0   286.6324587706477   281.797580455744   289.08619996592324   3.5820706488919456e-05   2.822714631159965e-05   3.9674501809570676e-05 
  1895.0   286.4510590220962   281.47224313379604   288.97784974010796   3.554657128258316e-05   2.794622066635286e-05   3.9403812807792896e-05 
  1896.0   286.6311702942971   281.81300469413947   289.07642964701404   3.5585519026849656e-05   2.733372595806233e-05   3.977337304695161e-05 
  1897.0   286.50397969456895   281.60782270897784   288.98882032789953   3.570914405037245e-05   2.7736218076907796e-05   3.975547068648817e-05 
  1898.0   286.4600114252205   281.49138799627804   288.98162938483415   3.557478748437477e-05   2.7585903008739965e-05   3.962921319385685e-05 
  1899.0   286.5031870642516   281.5507220494725   289.0166044934898   3.562805902257601e-05   2.724261530835831e-05   3.988374186340688e-05 
  1900.0   286.5679311719713   281.7413859365916   289.01744325967087   3.554828371613384e-05   2.70558570943148e-05   3.9858261277632766e-05 
  1901.0   286.66055746590575   281.77582630699357   289.13959939660384   3.5692760659305424e-05   2.7041503549375205e-05   4.008334602235806e-05 
  1902.0   286.7239426521022   281.8862982691112   289.1790876500743   3.5819089572796206e-05   2.703517867180594e-05   4.027699784464474e-05 
  1903.0   286.58341937152227   281.5465470087939   289.13967423602935   3.5668773532053506e-05   2.7506399875071946e-05   3.981124645254665e-05 
  1904.0   286.6236217070438   281.6213797433047   289.16230135433244   3.565242981492633e-05   2.715326238632575e-05   3.9965828392263085e-05 
  1905.0   286.7339431598791   281.8782021794168   289.19827233247094   3.589388481171194e-05   2.7253516030076493e-05   4.0278944257059014e-05 
  1906.0   286.66129534833186   281.8367236802846   289.1098058340985   3.556434322077443e-05   2.6976317702669627e-05   3.992283802195571e-05 
  1907.0   286.52668267069765   281.5842927606515   289.0349868999917   3.561575049255976e-05   2.7946717632797604e-05   3.9507848830984125e-05 
  1908.0   286.3196457847307   281.2593852080117   288.88777036351286   3.5408939993187634e-05   2.750219079316676e-05   3.9421681363120155e-05 
  1909.0   286.4166526290025   281.4551187222526   288.9346725967898   3.547110541028114e-05   2.7082681357497647e-05   3.97283007978688e-05 
  1910.0   286.4901940485498   281.6638143377258   288.93962213115253   3.549238988034506e-05   2.7316481283025617e-05   3.964173189629824e-05 
  1911.0   286.3710960852162   281.4114939540755   288.8881356607199   3.539760982522187e-05   2.808211355572762e-05   3.911028538626142e-05 
  1912.0   286.4679089620633   281.43392015946057   289.02270039568145   3.542287798315948e-05   2.6666880367617103e-05   3.986662002910989e-05 
  1913.0   286.5431602872678   281.58216478890654   289.0609070082933   3.55747972754625e-05   2.691173447418998e-05   3.9971374125642346e-05 
  1914.0   286.45381585870655   281.4881934590225   288.9739107708638   3.55123814632344e-05   2.714431225958195e-05   3.975924659459151e-05 
  1915.0   286.52079428034597   281.57427177955424   289.0311958340182   3.547048674378971e-05   2.629040090623378e-05   4.012945711049808e-05 
  1916.0   286.63954516446404   281.82336477213585   289.08379700759855   3.548711110056712e-05   2.6818453109362506e-05   3.988652755644902e-05 
  1917.0   286.5631749926302   281.68239057830914   289.0402139174284   3.554935498357583e-05   2.7177287814190535e-05   3.979824911599089e-05 
  1918.0   286.5021220864437   281.5735291665912   289.00342422778357   3.5569288773326924e-05   2.7536534887397922e-05   3.964597857556175e-05 
  1919.0   286.5761029638344   281.64555622557793   289.07839668436065   3.562062277313481e-05   2.7094029159117343e-05   3.99479403690287e-05 
  1920.0   286.4886838006868   281.4663243979487   289.03757321657764   3.550101786560259e-05   2.728706287360277e-05   3.966966874516689e-05 
  1921.0   286.5206607917847   281.4859418654228   289.07582276931913   3.563743882981498e-05   2.735727820025228e-05   3.983968962434443e-05 
  1922.0   286.4795939996112   281.4491835297061   289.03256939944765   3.5530042184660543e-05   2.7194214014271583e-05   3.976054472189549e-05 
  1923.0   286.49673393350844   281.6241719453506   288.96959990823666   3.566455210755389e-05   2.7361360752910473e-05   3.987849118774574e-05 
  1924.0   286.3617934386129   281.228495548163   288.96698506517174   3.541191685064014e-05   2.7075127965778847e-05   3.9642906958507493e-05 
  1925.0   286.4914934513285   281.5005439040371   289.02444210279316   3.540274339881301e-05   2.6321357177199276e-05   4.0011622884671536e-05 
  1926.0   286.5092485514757   281.5187039535035   289.041991687773   3.566133781649453e-05   2.7706110182819637e-05   3.969868239709579e-05 
  1927.0   286.43609569459977   281.5039828219102   288.93918424145375   3.5459057947972986e-05   2.752467752952783e-05   3.948582239242929e-05 
  1928.0   286.44079242609547   281.59927393823557   288.89790356470064   3.5433798762098264e-05   2.7107970123543814e-05   3.965922645326725e-05 
  1929.0   286.37004914414206   281.3148185614066   288.93562095889456   3.542210051449708e-05   2.7838432733822496e-05   3.927087536108724e-05 
  1930.0   286.582168282554   281.65197670183977   289.08428175765613   3.560917278540192e-05   2.693252378399003e-05   4.00126447458199e-05 
  1931.0   286.718506879658   281.8945996066055   289.16668017940606   3.582358052085026e-05   2.7361423158892286e-05   4.0118196179725355e-05 
  1932.0   286.5147719126934   281.7106393707655   288.9529093709528   3.567498432494923e-05   2.8709824673884966e-05   3.920986112108393e-05 
  1933.0   286.4544290551005   281.44555345710245   288.99647532727494   3.543205659168686e-05   2.7679048002602287e-05   3.9366773315315784e-05 
  1934.0   286.51018785129776   281.4900202512719   289.0579649089748   3.545767245396699e-05   2.6295151127403806e-05   4.010772868439504e-05 
  1935.0   286.57077478804445   281.57510976772585   289.1061165815219   3.57289781401952e-05   2.712590135973887e-05   4.0095111582944566e-05 
  1936.0   286.6099030683559   281.75602513102405   289.0732867309719   3.568092505315334e-05   2.770556430355295e-05   3.972848735852822e-05 
  1937.0   286.57309430140975   281.65944633048673   289.0668117561327   3.5399561504547114e-05   2.6662109932312914e-05   3.983389127835523e-05 
  1938.0   286.61624254647813   281.7293968912164   289.09635760176434   3.5594220684780934e-05   2.7335199453251036e-05   3.9785743057948355e-05 
  1939.0   286.6580209868282   281.68403630983994   289.1823598246795   3.5624804191174024e-05   2.6841624148002944e-05   4.008234154656468e-05 
  1940.0   286.67047922284144   281.712509189375   289.1866904951207   3.577215799708883e-05   2.743917929164771e-05   4.0001214407023025e-05 
  1941.0   286.5881887593825   281.6168775826615   289.1111707734805   3.563770284390569e-05   2.70751997948685e-05   3.998324477850432e-05 
  1942.0   286.6313658180948   281.6010550762592   289.18429060510164   3.563096178359418e-05   2.7554632363032934e-05   3.972976653422465e-05 
  1943.0   286.58509666039964   281.68786756471656   289.0704813985717   3.565038238579136e-05   2.7581967858576974e-05   3.974517026182924e-05 
  1944.0   286.6393171976941   281.7221118556452   289.1348400480257   3.550995244599262e-05   2.7388877989955058e-05   3.9631465676481595e-05 
  1945.0   286.72650740178653   281.7446474741589   289.25484299522464   3.5724507259141354e-05   2.6936224544668894e-05   4.0184634262908376e-05 
  1946.0   286.8530153220283   281.95843743568065   289.33705454928145   3.594520186416405e-05   2.755719522823332e-05   4.020218540920667e-05 
  1947.0   286.658731957038   281.70602970395413   289.1722697867007   3.5832487127597664e-05   2.863953813275767e-05   3.948296892147229e-05 
  1948.0   286.54190249367895   281.55640750176076   289.07208291265675   3.5655040883103004e-05   2.782752884017017e-05   3.962756873288465e-05 
  1949.0   286.4711307214501   281.4970119036496   288.99553763688584   3.5507224673450245e-05   2.778929971216784e-05   3.9424136162446384e-05 
  1950.0   286.54373699899355   281.48986378558743   289.10861993745516   3.5488828233342156e-05   2.7000494120262704e-05   3.979672881241622e-05 
  1951.0   286.8103744301521   281.99669931181495   289.25335482577594   3.5779262030896646e-05   2.6784005699834034e-05   4.034442987670451e-05 
